0.994168 0.005822 0.000010
0.992417 0.007573 0.000010
0.993299 0.006691 0.000010
0.997605 0.002385 0.000010
0.999980 0.000010 0.000010
0.993016 0.006974 0.000010
0.999980 0.000010 0.000010
0.993587 0.006403 0.000010
0.988462 0.011528 0.000010
0.982212 0.017778 0.000010
0.999800 0.000190 0.000010
0.999980 0.000010 0.000010
0.984357 0.015633 0.000010
0.999980 0.000010 0.000010
0.999980 0.000010 0.000010
0.990304 0.009686 0.000010
0.985825 0.014165 0.000010
0.999980 0.000010 0.000010
0.999980 0.000010 0.000010
0.993411 0.006579 0.000010
0.999980 0.000010 0.000010
0.999980 0.000010 0.000010
0.999980 0.000010 0.000010
0.999980 0.000010 0.000010
0.999980 0.000010 0.000010
0.999980 0.000010 0.000010
0.999980 0.000010 0.000010
0.999980 0.000010 0.000010
0.999861 0.000129 0.000010
0.988235 0.011755 0.000010
0.999980 0.000010 0.000010
0.999724 0.000266 0.000010
0.997279 0.002711 0.000010
0.999980 0.000010 0.000010
0.999980 0.000010 0.000010
0.999980 0.000010 0.000010
0.979349 0.020641 0.000010
0.998185 0.001805 0.000010
0.994407 0.005583 0.000010
0.999980 0.000010 0.000010
0.999980 0.000010 0.000010
0.999980 0.000010 0.000010
0.999980 0.000010 0.000010
0.997967 0.000010 0.002023
0.999980 0.000010 0.000010
0.999828 0.000162 0.000010
0.992308 0.007682 0.000010
0.999980 0.000010 0.000010
0.998455 0.001535 0.000010
0.999980 0.000010 0.000010
0.988974 0.011016 0.000010
0.998003 0.001987 0.000010
0.996809 0.003181 0.000010
0.992315 0.007675 0.000010
0.999980 0.000010 0.000010
0.904994 0.094996 0.000010
0.952839 0.047151 0.000010
0.934049 0.065941 0.000010
0.910468 0.089522 0.000010
0.938284 0.061706 0.000010
0.933948 0.066042 0.000010
0.929622 0.070368 0.000010
0.911626 0.088364 0.000010
0.949181 0.050809 0.000010
0.911053 0.088937 0.000010
0.922352 0.077638 0.000010
0.913159 0.086831 0.000010
0.928466 0.071524 0.000010
0.908995 0.090995 0.000010
0.941490 0.058500 0.000010
0.930626 0.069364 0.000010
0.930702 0.069288 0.000010
0.999554 0.000436 0.000010
0.999980 0.000010 0.000010
0.999980 0.000010 0.000010
0.999979 0.000011 0.000010
0.999980 0.000010 0.000010
0.989042 0.010948 0.000010
0.995773 0.004217 0.000010
0.999980 0.000010 0.000010
0.999980 0.000010 0.000010
0.999980 0.000010 0.000010
0.983936 0.016054 0.000010
0.999980 0.000010 0.000010
0.999980 0.000010 0.000010
0.999980 0.000010 0.000010
0.982016 0.017974 0.000010
0.999980 0.000010 0.000010
0.996890 0.003100 0.000010
0.999980 0.000010 0.000010
0.999980 0.000010 0.000010
0.999980 0.000010 0.000010
0.980181 0.019809 0.000010
0.993915 0.006075 0.000010
0.999980 0.000010 0.000010
0.999980 0.000010 0.000010
0.999980 0.000010 0.000010
0.999980 0.000010 0.000010
0.995594 0.004396 0.000010
0.996520 0.003470 0.000010
0.999980 0.000010 0.000010
0.997813 0.002177 0.000010
0.999980 0.000010 0.000010
0.945168 0.054822 0.000010
0.913117 0.086873 0.000010
0.933050 0.066940 0.000010
0.945303 0.054687 0.000010
0.932739 0.067251 0.000010
0.918766 0.081224 0.000010
0.919056 0.080934 0.000010
0.948645 0.051345 0.000010
0.946178 0.053812 0.000010
0.906633 0.093357 0.000010
0.963145 0.036845 0.000010
0.948956 0.051034 0.000010
0.938424 0.061566 0.000010
0.950241 0.049749 0.000010
0.936093 0.063897 0.000010
0.925970 0.074020 0.000010
0.903040 0.096950 0.000010
0.936920 0.063070 0.000010
0.929684 0.070306 0.000010
0.927482 0.072508 0.000010
0.941934 0.058056 0.000010
0.918457 0.081533 0.000010
0.926137 0.073853 0.000010
0.952778 0.047212 0.000010
0.947669 0.052321 0.000010
0.927086 0.072904 0.000010
0.932573 0.067417 0.000010
0.957260 0.042730 0.000010
0.916820 0.083170 0.000010
0.962101 0.037889 0.000010
0.927813 0.072177 0.000010
0.938998 0.060992 0.000010
0.918038 0.081952 0.000010
0.909836 0.090154 0.000010
0.950222 0.049768 0.000010
0.926894 0.073096 0.000010
0.946221 0.053769 0.000010
0.947277 0.052713 0.000010
0.936598 0.063392 0.000010
0.929245 0.070745 0.000010
0.954758 0.045232 0.000010
0.953103 0.046887 0.000010
0.949057 0.050933 0.000010
0.912764 0.087226 0.000010
0.946847 0.053143 0.000010
0.954215 0.045775 0.000010
0.947289 0.052701 0.000010
0.943008 0.051803 0.005189
0.916773 0.083217 0.000010
0.945612 0.054378 0.000010
0.967422 0.032568 0.000010
0.920992 0.078998 0.000010
0.939630 0.060360 0.000010
0.914936 0.085054 0.000010
0.979440 0.020550 0.000010
0.949153 0.050837 0.000010
0.943469 0.056521 0.000010
0.947832 0.052158 0.000010
0.940090 0.059900 0.000010
0.943533 0.056457 0.000010
0.906694 0.093296 0.000010
0.931441 0.068549 0.000010
0.923867 0.076123 0.000010
0.954356 0.045634 0.000010
0.940430 0.059560 0.000010
0.912979 0.087011 0.000010
0.942209 0.057781 0.000010
0.909429 0.090561 0.000010
0.915395 0.084595 0.000010
0.919443 0.080547 0.000010
0.932370 0.067620 0.000010
0.949100 0.050890 0.000010
0.934717 0.065273 0.000010
0.912686 0.087304 0.000010
0.960294 0.039696 0.000010
0.924811 0.075179 0.000010
0.938119 0.061871 0.000010
0.955702 0.044288 0.000010
0.961245 0.038745 0.000010
0.931222 0.068768 0.000010
0.947937 0.052053 0.000010
0.952464 0.047526 0.000010
0.000010 0.999980 0.000010
0.000010 0.999980 0.000010
0.000010 0.999980 0.000010
0.000010 0.999980 0.000010
0.000010 0.999980 0.000010
0.000010 0.999980 0.000010
0.000018 0.999972 0.000010
0.004775 0.995215 0.000010
0.000010 0.999980 0.000010
0.000010 0.999980 0.000010
0.000010 0.999980 0.000010
0.000010 0.999980 0.000010
0.000010 0.999980 0.000010
0.000010 0.999980 0.000010
0.000010 0.999980 0.000010
0.000010 0.999980 0.000010
0.000010 0.999980 0.000010
0.000010 0.999980 0.000010
0.005933 0.994057 0.000010
0.000010 0.999980 0.000010
0.000010 0.999980 0.000010
0.000010 0.999980 0.000010
0.000010 0.999980 0.000010
0.000010 0.999980 0.000010
0.000010 0.999980 0.000010
0.000010 0.999980 0.000010
0.000010 0.999980 0.000010
0.000010 0.999980 0.000010
0.000010 0.999980 0.000010
0.000010 0.999980 0.000010
0.000010 0.999980 0.000010
0.000010 0.999980 0.000010
0.000010 0.999980 0.000010
0.002030 0.997960 0.000010
0.000010 0.999980 0.000010
0.000010 0.999980 0.000010
0.000010 0.999980 0.000010
0.000010 0.999980 0.000010
0.000010 0.999980 0.000010
0.003969 0.996021 0.000010
0.000010 0.999980 0.000010
0.001523 0.998467 0.000010
0.824218 0.096108 0.079674
0.682473 0.141877 0.175650
0.834499 0.086635 0.078865
0.000015 0.999975 0.000010
0.000010 0.999980 0.000010
0.000010 0.999980 0.000010
0.000016 0.999974 0.000010
0.000010 0.999980 0.000010
0.001240 0.998750 0.000010
0.000012 0.999978 0.000010
0.001430 0.998560 0.000010
0.000010 0.999980 0.000010
0.000010 0.999980 0.000010
0.000010 0.999980 0.000010
0.006133 0.993857 0.000010
0.005594 0.994396 0.000010
0.000010 0.999980 0.000010
0.000010 0.999980 0.000010
0.000010 0.999980 0.000010
0.000010 0.999980 0.000010
0.000015 0.999975 0.000010
0.000017 0.999973 0.000010
0.000010 0.999980 0.000010
0.000010 0.999980 0.000010
0.004306 0.995684 0.000010
0.000015 0.999975 0.000010
0.000010 0.999980 0.000010
0.000016 0.999974 0.000010
0.000010 0.999980 0.000010
0.000010 0.999980 0.000010
0.000010 0.999980 0.000010
0.001601 0.998389 0.000010
0.000010 0.999980 0.000010
0.000010 0.999980 0.000010
0.000010 0.999980 0.000010
0.000010 0.999980 0.000010
0.002506 0.997484 0.000010
0.000010 0.999980 0.000010
0.784884 0.080813 0.134303
0.743384 0.096753 0.159863
0.848217 0.083986 0.067797
0.836164 0.090642 0.073194
0.000011 0.999979 0.000010
0.000010 0.999980 0.000010
0.000010 0.999980 0.000010
0.000010 0.999980 0.000010
0.000010 0.999980 0.000010
0.004190 0.995800 0.000010
0.000010 0.999980 0.000010
0.000010 0.999980 0.000010
0.000010 0.999980 0.000010
0.000010 0.999980 0.000010
0.000010 0.999980 0.000010
0.000010 0.999980 0.000010
0.000010 0.999980 0.000010
0.000010 0.999980 0.000010
0.000016 0.999974 0.000010
0.000010 0.999980 0.000010
0.000010 0.999980 0.000010
0.000010 0.999980 0.000010
0.007032 0.992958 0.000010
0.000010 0.999980 0.000010
0.000010 0.999980 0.000010
0.000010 0.999980 0.000010
0.000010 0.999980 0.000010
0.000010 0.999980 0.000010
0.000054 0.999936 0.000010
0.000010 0.999980 0.000010
0.000341 0.999649 0.000010
0.000010 0.999980 0.000010
0.907993 0.062252 0.029756
0.868277 0.091600 0.040124
0.750528 0.137400 0.112072
0.860741 0.071856 0.067402
0.870596 0.059477 0.069927
0.909374 0.040211 0.050415
0.793567 0.102497 0.103936
0.916758 0.029392 0.053851
0.772019 0.149162 0.078819
0.000010 0.999980 0.000010
0.000010 0.999980 0.000010
0.013546 0.986444 0.000010
0.000345 0.999645 0.000010
0.011313 0.988677 0.000010
0.000010 0.999980 0.000010
0.000010 0.999980 0.000010
0.000010 0.999980 0.000010
0.009343 0.990647 0.000010
0.006102 0.993888 0.000010
0.000608 0.999382 0.000010
0.000010 0.999980 0.000010
0.000010 0.999980 0.000010
0.004356 0.995634 0.000010
0.004015 0.995975 0.000010
0.885721 0.046532 0.067747
0.804646 0.095930 0.099424
0.687332 0.099131 0.213537
0.657422 0.129369 0.213209
0.681192 0.111974 0.206834
0.846496 0.101939 0.051565
0.815723 0.062877 0.121400
0.771498 0.095656 0.132846
0.838202 0.087472 0.074326
0.842081 0.099810 0.058109
0.562156 0.104463 0.333381
0.770033 0.069190 0.160777
0.870589 0.081563 0.047848
0.841925 0.080182 0.077892
0.807910 0.092007 0.100083
0.847414 0.106095 0.046492
0.858344 0.075026 0.066630
0.827563 0.096439 0.075998
0.872611 0.049099 0.078290
0.676654 0.132543 0.190803
0.750309 0.087190 0.162501
0.787372 0.137877 0.074751
0.704068 0.101364 0.194568
0.795197 0.108362 0.096440
0.791979 0.086076 0.121944
0.758112 0.121262 0.120626
0.749997 0.075478 0.174525
0.774965 0.078978 0.146057
0.664307 0.091448 0.244244
0.800031 0.093018 0.106951
0.825359 0.067528 0.107113
0.824196 0.095997 0.079806
0.825705 0.078136 0.096159
0.757170 0.091715 0.151114
0.766895 0.064299 0.168805
0.842031 0.077035 0.080934
0.878768 0.049787 0.071445
0.704432 0.065857 0.229710
0.309113 0.071529 0.619358
0.810954 0.077063 0.111982
0.785994 0.099524 0.114482
0.936022 0.042058 0.021921
0.800473 0.189499 0.010028
0.902852 0.067931 0.029217
0.745840 0.214109 0.040051
0.811100 0.123913 0.064988
0.658127 0.198588 0.143285
0.766196 0.143754 0.090050
0.761405 0.181647 0.056948
0.784553 0.151477 0.063971
0.890098 0.091322 0.018580
0.737019 0.154395 0.108586
0.730210 0.187232 0.082558
0.757562 0.225846 0.016592
0.623762 0.214805 0.161433
0.794603 0.164696 0.040701
0.595755 0.228530 0.175715
0.794536 0.151300 0.054164
0.606998 0.305121 0.087880
0.683431 0.135353 0.181216
0.779467 0.123709 0.096824
0.852722 0.059038 0.088240
0.676868 0.090690 0.232441
0.929128 0.046085 0.024787
0.784426 0.106526 0.109048
0.728680 0.105959 0.165361
0.888874 0.033200 0.077926
0.880707 0.070040 0.049253
0.804588 0.113268 0.082144
0.802116 0.126420 0.071464
0.784857 0.100210 0.114933
0.772466 0.105828 0.121705
0.665403 0.167313 0.167284
0.665739 0.147824 0.186437
0.704009 0.158167 0.137825
0.763709 0.156024 0.080267
0.870811 0.069446 0.059743
0.749867 0.081468 0.168665
0.896818 0.060606 0.042576
0.804602 0.092853 0.102545
0.812827 0.072826 0.114347
0.277225 0.041607 0.681167
0.461394 0.053190 0.485416
0.689285 0.121678 0.189037
0.823742 0.082483 0.093775
0.718801 0.206510 0.074689
0.812374 0.170406 0.017220
0.816161 0.142137 0.041702
0.643154 0.191278 0.165568
0.869237 0.122651 0.008112
0.798159 0.188934 0.012907
0.889304 0.084355 0.026341
0.685021 0.199195 0.115784
0.754615 0.178027 0.067359
0.771563 0.157305 0.071131
0.614161 0.226947 0.158892
0.952562 0.035355 0.012083
0.759153 0.229010 0.011836
0.824673 0.153967 0.021360
0.802589 0.168453 0.028959
0.773332 0.164701 0.061968
0.710225 0.079131 0.210644
0.743528 0.149190 0.107282
0.751544 0.140321 0.108136
0.715713 0.123470 0.160817
0.651076 0.114771 0.234153
0.863153 0.057891 0.078956
0.817590 0.063445 0.118965
0.800108 0.102251 0.097641
0.837877 0.038264 0.123860
0.793838 0.111429 0.094733
0.991933 0.008057 0.000010
0.621134 0.372435 0.006432
0.475873 0.157950 0.366177
0.702105 0.257532 0.040363
0.799523 0.144169 0.056308
0.683139 0.278298 0.038563
0.670329 0.257810 0.071861
0.792215 0.197520 0.010265
0.862268 0.110935 0.026797
0.901530 0.087264 0.011207
0.769394 0.176368 0.054239
0.762069 0.224753 0.013178
0.791858 0.170313 0.037829
0.773510 0.159420 0.067070
0.703813 0.172358 0.123829
0.609111 0.220905 0.169984
0.678207 0.192928 0.128865
0.705671 0.198244 0.096085
0.534507 0.336101 0.129392
0.751977 0.215042 0.032982
0.834009 0.158588 0.007403
0.657713 0.212815 0.129472
0.700914 0.207835 0.091251
0.687457 0.276287 0.036256
0.821586 0.153169 0.025246
0.794966 0.163196 0.041838
0.878320 0.064250 0.057430
0.533379 0.195551 0.271069
0.730671 0.113781 0.155547
0.713005 0.091001 0.195994
0.875847 0.052561 0.071592
0.709674 0.126626 0.163700
0.724068 0.124439 0.151493
0.722901 0.112688 0.164410
0.721422 0.115468 0.163109
0.816399 0.092199 0.091402
0.785740 0.144527 0.069732
0.749164 0.127105 0.123731
0.781148 0.082184 0.136668
0.742663 0.155008 0.102329
0.804962 0.168304 0.026735
0.619027 0.340153 0.040820
0.900754 0.089358 0.009888
0.949958 0.038829 0.011213
0.689498 0.147270 0.163232
0.712188 0.269732 0.018079
0.575206 0.371376 0.053418
0.697333 0.202050 0.100617
0.745518 0.197511 0.056971
0.702391 0.275559 0.022050
0.699675 0.254985 0.045340
0.686217 0.275417 0.038366
0.590074 0.246097 0.163829
0.505805 0.227682 0.266513
0.613445 0.219006 0.167549
0.873084 0.110757 0.016159
0.866182 0.121401 0.012418
0.880064 0.105531 0.014405
0.912299 0.061883 0.025819
0.470166 0.185565 0.344269
0.712148 0.258253 0.029599
0.763463 0.083246 0.153291
0.909794 0.076657 0.013549
0.892683 0.092178 0.015140
0.848344 0.124297 0.027360
0.635479 0.281412 0.083109
0.620442 0.273177 0.106381
0.746058 0.226717 0.027225
0.714465 0.239759 0.045776
0.987975 0.003467 0.008558
0.971532 0.000010 0.028458
0.986063 0.000010 0.013927
0.981422 0.008472 0.010106
0.986487 0.000010 0.013503
0.987002 0.000010 0.012988
0.983470 0.000010 0.016520
0.977484 0.004082 0.018434
0.999980 0.000010 0.000010
0.988893 0.002701 0.008406
0.999980 0.000010 0.000010
0.996814 0.000010 0.003176
0.996458 0.000010 0.003532
0.999980 0.000010 0.000010
0.999980 0.000010 0.000010
0.999980 0.000010 0.000010
0.982313 0.004529 0.013158
0.987618 0.000010 0.012372
0.966745 0.006829 0.026426
0.980257 0.000010 0.019733
0.986952 0.000010 0.013038
0.988554 0.000010 0.011436
0.975411 0.009822 0.014767
0.991656 0.000954 0.007390
0.790158 0.150516 0.059326
0.463943 0.158015 0.378041
0.542708 0.246844 0.210449
0.517331 0.475717 0.006952
0.685461 0.307897 0.006643
0.543271 0.449789 0.006939
0.350401 0.649589 0.000010
0.673922 0.269540 0.056538
0.571438 0.422044 0.006518
0.756612 0.243378 0.000010
0.723853 0.276137 0.000010
0.766965 0.231402 0.001632
0.796385 0.203605 0.000010
0.010749 0.989241 0.000010
0.015501 0.984489 0.000010
0.000010 0.999980 0.000010
0.000010 0.999980 0.000010
0.008489 0.991501 0.000010
0.005312 0.994678 0.000010
0.959983 0.021369 0.018648
0.986779 0.006455 0.006765
0.978863 0.018532 0.002605
0.978400 0.005035 0.016565
0.992138 0.000742 0.007120
0.986154 0.001112 0.012733
0.982470 0.000010 0.017520
0.975173 0.008624 0.016203
0.999980 0.000010 0.000010
0.992810 0.000010 0.007180
0.974466 0.009239 0.016294
0.977672 0.009314 0.013015
0.991137 0.000010 0.008853
0.983865 0.000010 0.016125
0.982941 0.000010 0.017049
0.984990 0.000010 0.015000
0.995017 0.000010 0.004973
0.970563 0.007759 0.021678
0.946359 0.000010 0.053631
0.938407 0.015903 0.045690
0.999980 0.000010 0.000010
0.990696 0.000010 0.009294
0.964107 0.000010 0.035883
0.961310 0.000010 0.038680
0.994827 0.000010 0.005163
0.979202 0.009583 0.011215
0.988927 0.005473 0.005601
0.997437 0.002553 0.000010
0.993549 0.000010 0.006441
0.985482 0.014508 0.000010
0.990057 0.000010 0.009933
0.991402 0.000010 0.008588
0.999980 0.000010 0.000010
0.993487 0.000010 0.006503
0.984954 0.000010 0.015036
0.987914 0.000010 0.012076
0.960543 0.000010 0.039447
0.953701 0.000010 0.046289
0.990521 0.000010 0.009469
0.980149 0.006750 0.013100
0.994703 0.005287 0.000010
0.999980 0.000010 0.000010
0.964795 0.013657 0.021548
0.978584 0.003181 0.018236
0.981178 0.000010 0.018812
0.983284 0.000010 0.016706
0.981724 0.000010 0.018266
0.985608 0.000010 0.014382
0.991435 0.001677 0.006888
0.999061 0.000929 0.000010
0.979946 0.009346 0.010708
0.972161 0.004834 0.023005
0.991673 0.000010 0.008317
0.984855 0.004216 0.010929
0.986342 0.000010 0.013648
0.988342 0.008972 0.002686
0.984005 0.000010 0.015985
0.974141 0.001274 0.024585
0.982756 0.000010 0.017234
0.999980 0.000010 0.000010
0.989745 0.000010 0.010245
0.987775 0.000010 0.012215
0.988986 0.006798 0.004216
0.992512 0.002852 0.004636
0.997964 0.000010 0.002026
0.992137 0.000010 0.007853
0.992989 0.000010 0.007001
0.987123 0.000010 0.012867
0.986175 0.003140 0.010686
0.997827 0.000010 0.002163
0.999980 0.000010 0.000010
0.999980 0.000010 0.000010
0.999980 0.000010 0.000010
0.000010 0.999980 0.000010
0.000010 0.999980 0.000010
0.000012 0.999978 0.000010
0.003217 0.996773 0.000010
0.000010 0.999980 0.000010
0.000010 0.999980 0.000010
0.000010 0.999980 0.000010
0.002795 0.997195 0.000010
0.002032 0.997958 0.000010
0.000010 0.999980 0.000010
0.000010 0.999980 0.000010
0.000010 0.999980 0.000010
0.000010 0.999980 0.000010
0.007887 0.992103 0.000010
0.000010 0.999980 0.000010
0.019087 0.980903 0.000010
0.015048 0.984942 0.000010
0.004104 0.995886 0.000010
0.000010 0.999980 0.000010
0.001868 0.998122 0.000010
0.000010 0.999980 0.000010
0.000018 0.999972 0.000010
0.024111 0.975879 0.000010
0.000010 0.999980 0.000010
0.006559 0.993431 0.000010
0.011406 0.988584 0.000010
0.015681 0.984309 0.000010
0.013827 0.986163 0.000010
0.008797 0.991193 0.000010
0.018430 0.981560 0.000010
0.016056 0.981149 0.002795
0.008870 0.991120 0.000010
0.011165 0.988825 0.000010
0.008662 0.991328 0.000010
0.017202 0.982788 0.000010
0.006334 0.993656 0.000010
0.025536 0.974454 0.000010
0.015404 0.984586 0.000010
0.008378 0.991612 0.000010
0.011990 0.988000 0.000010
0.004490 0.995500 0.000010
0.020316 0.977671 0.002014
0.009737 0.990253 0.000010
0.004803 0.995187 0.000010
0.024961 0.975029 0.000010
0.000010 0.999980 0.000010
0.013047 0.986943 0.000010
0.017664 0.982326 0.000010
0.026582 0.973408 0.000010
0.011280 0.988710 0.000010
0.016998 0.982992 0.000010
0.030034 0.969956 0.000010
0.000010 0.999980 0.000010
0.000756 0.999234 0.000010
0.000010 0.999980 0.000010
0.020482 0.979508 0.000010
0.163643 0.017945 0.818412
0.268977 0.176548 0.554475
0.045049 0.000010 0.954941
0.141708 0.000010 0.858282
0.060482 0.001558 0.937961
0.133170 0.001135 0.865695
0.028938 0.006187 0.964875
0.134365 0.000010 0.865625
0.446830 0.496565 0.056605
0.499335 0.392239 0.108426
0.109036 0.003019 0.887944
0.041979 0.000010 0.958011
0.110038 0.000010 0.889952
0.151903 0.011134 0.836963
0.072415 0.000072 0.927513
0.423056 0.575184 0.001759
0.481212 0.518778 0.000010
0.336398 0.663592 0.000010
0.497016 0.502974 0.000010
0.343670 0.656320 0.000010
0.384525 0.518505 0.096970
0.300329 0.699661 0.000010
0.364069 0.635921 0.000010
0.457490 0.542500 0.000010
0.454515 0.469295 0.076190
0.498064 0.501926 0.000010
0.528881 0.445496 0.025623
0.324925 0.675065 0.000010
0.495387 0.494262 0.010351
0.401799 0.554981 0.043220
0.436240 0.561710 0.002050
0.237843 0.755302 0.006855
0.459328 0.536385 0.004287
0.548764 0.427759 0.023476
0.336315 0.497389 0.166296
0.382839 0.570725 0.046436
0.305515 0.683414 0.011070
0.389820 0.605194 0.004987
0.370663 0.629327 0.000010
0.103203 0.000010 0.896787
0.146600 0.007671 0.845729
0.311971 0.688019 0.000010
0.524766 0.398855 0.076378
0.540751 0.451739 0.007510
0.337258 0.662732 0.000010
0.550274 0.446487 0.003239
0.477972 0.383337 0.138691
0.408165 0.569667 0.022168
0.349335 0.648020 0.002645
0.563114 0.427009 0.009877
0.475177 0.522166 0.002657
0.535061 0.464929 0.000010
0.490031 0.491400 0.018569
0.457543 0.537155 0.005302
0.095170 0.006828 0.898002
0.133463 0.003871 0.862666
0.449497 0.000010 0.550493
0.139980 0.017705 0.842315
0.090369 0.002464 0.907168
0.491303 0.495732 0.012965
0.373813 0.626177 0.000010
0.393065 0.604314 0.002622
0.474895 0.519136 0.005969
0.436707 0.559487 0.003806
0.454424 0.182637 0.362938
0.421081 0.569715 0.009204
0.168307 0.000010 0.831683
0.166505 0.000556 0.832940
0.079825 0.003436 0.916739
0.041744 0.002831 0.955425
0.133702 0.000010 0.866288
0.070634 0.929356 0.000010
0.027123 0.972867 0.000010
0.000371 0.999619 0.000010
0.012910 0.987080 0.000010
0.000010 0.999980 0.000010
0.004749 0.995241 0.000010
0.001348 0.998642 0.000010
0.008722 0.991268 0.000010
0.000010 0.999980 0.000010
0.011445 0.988545 0.000010
0.004045 0.995945 0.000010
0.018140 0.981850 0.000010
0.016985 0.983005 0.000010
0.017527 0.982463 0.000010
0.009284 0.990706 0.000010
0.012995 0.986995 0.000010
0.012296 0.987694 0.000010
0.019623 0.005537 0.974840
0.021864 0.008309 0.969827
0.066129 0.003997 0.929874
0.124187 0.013587 0.862226
0.025531 0.974459 0.000010
0.050243 0.949747 0.000010
0.022229 0.977761 0.000010
0.012854 0.987136 0.000010
0.000010 0.999980 0.000010
0.020080 0.978974 0.000945
0.030306 0.969684 0.000010
0.022983 0.977007 0.000010
0.014658 0.985332 0.000010
0.010708 0.989282 0.000010
0.028554 0.971436 0.000010
0.000010 0.999980 0.000010
0.019242 0.980748 0.000010
0.014201 0.985789 0.000010
0.000010 0.999980 0.000010
0.007578 0.992412 0.000010
0.022323 0.977667 0.000010
0.017357 0.982633 0.000010
0.015205 0.984785 0.000010
0.012206 0.987784 0.000010
0.000010 0.999980 0.000010
0.535010 0.454822 0.010169
0.515010 0.384484 0.100506
0.077504 0.009504 0.912992
0.426387 0.563466 0.010147
0.389011 0.609706 0.001282
0.365410 0.634580 0.000010
0.039638 0.000010 0.960352
0.192123 0.000010 0.807867
0.080333 0.007173 0.912494
0.015134 0.984856 0.000010
0.029500 0.970490 0.000010
0.022082 0.977908 0.000010
0.009170 0.990820 0.000010
0.000010 0.999980 0.000010
0.019221 0.980769 0.000010
0.019622 0.980368 0.000010
0.065100 0.929698 0.005202
0.019525 0.980465 0.000010
0.027645 0.972345 0.000010
0.015824 0.984166 0.000010
0.000010 0.998839 0.001151
0.013191 0.986799 0.000010
0.000010 0.999980 0.000010
0.020125 0.979865 0.000010
0.000010 0.999980 0.000010
0.096422 0.903568 0.000010
0.197821 0.000010 0.802169
0.072860 0.000010 0.927130
0.401821 0.597853 0.000326
0.354933 0.645057 0.000010
0.345316 0.654674 0.000010
0.015461 0.984529 0.000010
0.007364 0.992626 0.000010
0.020514 0.979476 0.000010
0.000010 0.999980 0.000010
0.000010 0.999980 0.000010
0.004434 0.995556 0.000010
0.003763 0.996227 0.000010
0.000015 0.999975 0.000010
0.000010 0.999980 0.000010
0.000010 0.999980 0.000010
0.008595 0.991395 0.000010
0.000010 0.999980 0.000010
0.008772 0.991218 0.000010
0.000010 0.999980 0.000010
0.000013 0.999977 0.000010
0.000010 0.999980 0.000010
0.000010 0.999980 0.000010
0.000010 0.999980 0.000010
0.000010 0.999980 0.000010
0.014770 0.985220 0.000010
0.988035 0.011955 0.000010
0.996867 0.000010 0.003123
0.988055 0.011935 0.000010
0.999980 0.000010 0.000010
0.987403 0.000714 0.011883
0.999980 0.000010 0.000010
0.999157 0.000010 0.000833
0.992226 0.000010 0.007764
0.979886 0.000010 0.020104
0.984811 0.000010 0.015179
0.984506 0.000010 0.015484
0.980668 0.000010 0.019322
0.982764 0.005239 0.011996
0.987399 0.003338 0.009262
0.000010 0.999980 0.000010
0.526737 0.462946 0.010317
0.622446 0.363867 0.013687
0.078192 0.000010 0.921798
0.208284 0.010174 0.781542
0.323694 0.676296 0.000010
0.423039 0.576951 0.000010
0.450724 0.549266 0.000010
0.359318 0.640672 0.000010
0.339203 0.658320 0.002477
0.325435 0.674555 0.000010
0.293718 0.706272 0.000010
0.350587 0.410388 0.239026
0.327261 0.671084 0.001655
0.509998 0.489992 0.000010
0.386315 0.611138 0.002547
0.051128 0.002403 0.946469
0.187629 0.004556 0.807815
0.199124 0.000010 0.800866
0.165499 0.000010 0.834491
0.467105 0.526711 0.006184
0.466947 0.525346 0.007707
0.347020 0.652970 0.000010
0.405680 0.594310 0.000010
0.596036 0.399207 0.004757
0.421798 0.578192 0.000010
0.459375 0.534050 0.006575
0.406861 0.544770 0.048369
0.069029 0.000010 0.930961
0.099927 0.000010 0.900063
0.114554 0.000010 0.885436
0.585826 0.412733 0.001441
0.087890 0.000010 0.912100
0.136229 0.002344 0.861427
0.048120 0.003664 0.948217
0.035857 0.010473 0.953670
0.131814 0.011933 0.856253
0.089563 0.000010 0.910427
0.049038 0.000010 0.950952
0.091465 0.017021 0.891513
0.079639 0.000010 0.920351
0.245299 0.015855 0.738846
0.112213 0.007199 0.880588
0.016701 0.006073 0.977226
0.232299 0.000010 0.767691
0.543121 0.389997 0.066882
0.438080 0.553700 0.008220
0.025223 0.974767 0.000010
0.000020 0.999970 0.000010
0.001213 0.998777 0.000010
0.000010 0.999980 0.000010
0.006558 0.993432 0.000010
0.007848 0.992142 0.000010
0.000010 0.999980 0.000010
0.000010 0.999980 0.000010
0.003400 0.996590 0.000010
0.011010 0.988980 0.000010
0.000010 0.997106 0.002884
0.005374 0.994616 0.000010
0.000012 0.999978 0.000010
0.000011 0.999979 0.000010
0.002582 0.997408 0.000010
0.004691 0.995299 0.000010
0.000010 0.999980 0.000010
0.004780 0.995210 0.000010
0.000010 0.999980 0.000010
0.005888 0.994102 0.000010
0.011443 0.988547 0.000010
0.004101 0.995889 0.000010
0.000010 0.999980 0.000010
0.000010 0.999980 0.000010
0.000011 0.999979 0.000010
0.000010 0.999980 0.000010
0.000010 0.999980 0.000010
0.000010 0.999980 0.000010
0.006434 0.993556 0.000010
0.000010 0.999980 0.000010
0.009376 0.990614 0.000010
0.007035 0.992955 0.000010
0.000020 0.999970 0.000010
0.001850 0.998140 0.000010
0.001963 0.998027 0.000010
0.044528 0.014670 0.940802
0.415510 0.018923 0.565568
0.565632 0.390773 0.043595
0.083577 0.000010 0.916413
0.098072 0.000010 0.901918
0.112712 0.033368 0.853920
0.043722 0.026355 0.929923
0.027057 0.000010 0.972933
0.178098 0.010936 0.810966
0.051631 0.022963 0.925406
0.083601 0.000010 0.916389
0.150628 0.008248 0.841124
0.020780 0.002333 0.976887
0.036620 0.010332 0.953047
0.000010 0.000010 0.999980
0.017300 0.000010 0.982690
0.069713 0.006061 0.924226
0.065937 0.003434 0.930629
0.148386 0.007988 0.843626
0.155758 0.000010 0.844232
0.080049 0.019452 0.900499
0.078853 0.013669 0.907478
0.109902 0.001796 0.888302
0.254302 0.000010 0.745688
0.123594 0.002534 0.873872
0.787420 0.207819 0.004761
0.759114 0.240876 0.000010
0.744117 0.240606 0.015276
0.761924 0.234640 0.003436
0.091051 0.000010 0.908939
0.052777 0.001560 0.945663
0.222067 0.000010 0.777923
0.190096 0.000010 0.809894
0.093097 0.006226 0.900676
0.064459 0.022005 0.913536
0.046650 0.015586 0.937764
0.013188 0.986802 0.000010
0.000238 0.999752 0.000010
0.005788 0.994202 0.000010
0.023468 0.976522 0.000010
0.173842 0.017175 0.808983
0.063371 0.000010 0.936619
0.181690 0.004269 0.814042
0.081370 0.007017 0.911613
0.072590 0.000010 0.927400
0.030537 0.000010 0.969453
0.106342 0.012088 0.881570
0.098291 0.006449 0.895259
0.065054 0.000010 0.934936
0.106927 0.000010 0.893063
0.034346 0.004317 0.961337
0.007297 0.000010 0.992693
0.022544 0.008544 0.968911
0.003413 0.008860 0.987727
0.015798 0.000694 0.983508
0.028559 0.000010 0.971431
0.052193 0.000010 0.947797
0.217567 0.003968 0.778465
0.143168 0.000010 0.856822
0.026427 0.004054 0.969519
0.000010 0.004996 0.994994
0.010600 0.000010 0.989390
0.017379 0.000010 0.982611
0.025025 0.000010 0.974965
0.021339 0.000010 0.978651
0.034819 0.000010 0.965171
0.022669 0.004077 0.973254
0.801293 0.193400 0.005307
0.700825 0.288241 0.010934
0.716522 0.275387 0.008091
0.787609 0.208195 0.004197
0.778432 0.221558 0.000010
0.001665 0.000010 0.998325
0.012865 0.000010 0.987125
0.046804 0.000010 0.953186
0.039766 0.015964 0.944269
0.019773 0.000010 0.980217
0.014828 0.000010 0.985162
0.020077 0.000010 0.979913
0.010523 0.000010 0.989467
0.001444 0.007018 0.991538
0.016679 0.002330 0.980991
0.023243 0.000010 0.976747
0.024417 0.001395 0.974187
0.022821 0.000010 0.977169
0.035249 0.000010 0.964741
0.012728 0.002969 0.984303
0.007514 0.000010 0.992476
0.797984 0.195198 0.006818
0.799413 0.200577 0.000010
0.782434 0.217556 0.000010
0.749889 0.250101 0.000010
0.794380 0.205610 0.000010
0.806970 0.193020 0.000010
0.735321 0.264669 0.000010
0.731592 0.268398 0.000010
0.751110 0.248880 0.000010
0.756582 0.243408 0.000010
0.002159 0.000010 0.997831
0.026605 0.000010 0.973385
0.006149 0.000010 0.993841
0.028067 0.005002 0.966931
0.036524 0.000010 0.963466
0.020598 0.000010 0.979392
0.794100 0.205890 0.000010
0.771402 0.228588 0.000010
0.706743 0.293247 0.000010
0.679817 0.320173 0.000010
0.677439 0.322551 0.000010
0.685013 0.314977 0.000010
0.767021 0.232969 0.000010
0.789509 0.207509 0.002982
0.793596 0.206394 0.000010
0.721993 0.277997 0.000010
0.781080 0.218910 0.000010
0.809135 0.184917 0.005947
0.757543 0.242447 0.000010
0.026154 0.005555 0.968291
0.003845 0.000010 0.996145
0.013567 0.000486 0.985946
0.000010 0.010098 0.989892
0.009704 0.006424 0.983873
0.003493 0.013070 0.983437
0.653717 0.346273 0.000010
0.644400 0.347071 0.008529
0.639611 0.349106 0.011283
0.649462 0.349359 0.001179
0.731138 0.268852 0.000010
0.758033 0.240417 0.001550
0.770958 0.222897 0.006145
0.762924 0.237066 0.000010
0.778888 0.221102 0.000010
0.018702 0.000010 0.981288
0.023714 0.000010 0.976276
0.021403 0.005209 0.973388
0.036284 0.000010 0.963706
0.025090 0.000010 0.974900
0.000034 0.003805 0.996161
0.009681 0.030132 0.960187
0.003866 0.000010 0.996124
0.013354 0.000010 0.986636
0.722029 0.277961 0.000010
0.665041 0.334949 0.000010
0.674209 0.325781 0.000010
0.700675 0.299315 0.000010
0.663877 0.336113 0.000010
0.679807 0.312521 0.007672
0.660887 0.329738 0.009375
0.667077 0.332913 0.000010
0.669573 0.330417 0.000010
0.659738 0.340252 0.000010
0.651159 0.344883 0.003959
0.684727 0.315263 0.000010
0.016812 0.000010 0.983178
0.033164 0.000010 0.966826
0.000010 0.016835 0.983155
0.009012 0.000010 0.990978
0.029128 0.000010 0.970862
0.036230 0.000010 0.963760
0.079501 0.000010 0.920489
0.016684 0.000010 0.983306
0.021959 0.000010 0.978031
0.016258 0.000010 0.983732
0.025313 0.002476 0.972211
0.030222 0.000203 0.969575
0.013064 0.000010 0.986926
0.024052 0.000010 0.975938
0.013320 0.008056 0.978624
0.022805 0.000010 0.977185
0.021475 0.006605 0.971920
0.013733 0.005505 0.980762
0.004676 0.000010 0.995314
0.025465 0.000010 0.974525
0.010343 0.000010 0.989647
0.020382 0.000010 0.979608
0.015264 0.000010 0.984726
0.021634 0.004764 0.973602
0.027093 0.000010 0.972897
0.025580 0.000010 0.974410
0.019133 0.000010 0.980857
0.011214 0.002563 0.986223
0.009399 0.006682 0.983919
0.004165 0.008221 0.987614
0.022211 0.004111 0.973678
0.000010 0.000010 0.999980
0.031302 0.000010 0.968688
0.030960 0.000010 0.969030
0.021381 0.000010 0.978609
0.011205 0.000010 0.988785
0.012036 0.000010 0.987954
0.000010 0.000010 0.999980
0.000010 0.000010 0.999980
0.000010 0.002371 0.997619
0.000010 0.000010 0.999980
0.000010 0.003739 0.996251
0.000010 0.000010 0.999980
0.000012 0.000010 0.999978
0.000010 0.000010 0.999980
0.000010 0.000010 0.999980
0.000010 0.005552 0.994438
0.000010 0.000010 0.999980
0.000010 0.000010 0.999980
0.000010 0.001487 0.998503
0.000014 0.000010 0.999976
0.000010 0.000010 0.999980
0.000010 0.000010 0.999980
0.000010 0.000010 0.999980
0.000013 0.000010 0.999977
0.000010 0.000010 0.999980
0.027778 0.000010 0.972212
0.005280 0.010494 0.984226
0.623170 0.376820 0.000010
0.627314 0.372676 0.000010
0.603859 0.396131 0.000010
0.582157 0.406582 0.011261
0.671173 0.328817 0.000010
0.676840 0.315692 0.007468
0.665489 0.334501 0.000010
0.689281 0.310046 0.000672
0.692917 0.307073 0.000010
0.709276 0.290714 0.000010
0.001132 0.008061 0.990807
0.000010 0.008387 0.991603
0.000010 0.000010 0.999980
0.006396 0.004443 0.989162
0.004672 0.001961 0.993366
0.021733 0.000010 0.978257
0.025161 0.001109 0.973730
0.033376 0.000408 0.966216
0.000010 0.005082 0.994908
0.014827 0.000010 0.985163
0.000010 0.000010 0.999980
0.007486 0.000018 0.992495
0.000015 0.000010 0.999975
0.000010 0.000010 0.999980
0.012470 0.000010 0.987520
0.002277 0.000010 0.997713
0.000010 0.000010 0.999980
0.000010 0.000010 0.999980
0.000010 0.002953 0.997037
0.009488 0.000010 0.990502
0.000010 0.000010 0.999980
0.000010 0.000010 0.999980
0.000010 0.001136 0.998854
0.000010 0.000010 0.999980
0.000010 0.001065 0.998925
0.000010 0.004595 0.995395
0.000010 0.000010 0.999980
0.000010 0.000010 0.999980
0.000010 0.002851 0.997139
0.000010 0.002443 0.997547
0.002810 0.000010 0.997180
0.006885 0.003636 0.989479
0.019620 0.000010 0.980370
0.007531 0.000010 0.992459
0.004015 0.000010 0.995975
0.000010 0.002729 0.997261
0.000010 0.000010 0.999980
0.000010 0.000010 0.999980
0.000010 0.000010 0.999980
0.000010 0.000010 0.999980
0.002794 0.005409 0.991797
0.000010 0.000010 0.999980
0.000010 0.000010 0.999980
0.000010 0.000010 0.999980
0.000010 0.005592 0.994398
0.000010 0.000010 0.999980
0.000019 0.000010 0.999971
0.002664 0.006384 0.990951
0.000010 0.000010 0.999980
0.000010 0.000010 0.999980
0.000010 0.000010 0.999980
0.000013 0.000010 0.999977
0.000010 0.000010 0.999980
0.000010 0.000010 0.999980
0.000010 0.000010 0.999980
0.000010 0.000010 0.999980
0.000010 0.000010 0.999980
0.000010 0.000010 0.999980
0.000010 0.004937 0.995053
0.000010 0.000010 0.999980
0.000010 0.000010 0.999980
0.000010 0.000010 0.999980
0.000014 0.000010 0.999976
0.000010 0.000010 0.999980
0.000010 0.000737 0.999253
0.005190 0.005346 0.989465
0.000010 0.000010 0.999980
0.000010 0.000010 0.999980
0.000010 0.000010 0.999980
0.000010 0.000010 0.999980
0.000010 0.000010 0.999980
0.000010 0.000010 0.999980
0.000010 0.000758 0.999232
0.000010 0.000010 0.999980
0.000010 0.000010 0.999980
0.000010 0.000010 0.999980
0.000010 0.000010 0.999980
0.000010 0.000010 0.999980
0.000010 0.000010 0.999980
0.000010 0.000010 0.999980
0.000010 0.001402 0.998588
0.000010 0.004386 0.995604
0.001406 0.000010 0.998584
0.000019 0.000010 0.999971
0.679670 0.320320 0.000010
0.688808 0.302899 0.008293
0.773693 0.224541 0.001766
0.743783 0.256207 0.000010
0.793880 0.204991 0.001129
0.805415 0.194575 0.000010
0.012087 0.000052 0.987861
0.002321 0.012361 0.985318
0.022210 0.007213 0.970577
0.020803 0.005940 0.973258
0.026803 0.002189 0.971008
0.033551 0.000010 0.966439
0.000010 0.000010 0.999980
0.000010 0.000010 0.999980
0.000010 0.000010 0.999980
0.000010 0.000010 0.999980
0.000010 0.000010 0.999980
0.000010 0.000010 0.999980
0.000010 0.000010 0.999980
0.001309 0.000010 0.998681
0.003075 0.000322 0.996602
0.000010 0.000010 0.999980
0.000010 0.000010 0.999980
0.001724 0.006807 0.991469
0.000018 0.000010 0.999972
0.000010 0.000010 0.999980
0.000010 0.000010 0.999980
0.000010 0.000010 0.999980
0.010164 0.000010 0.989826
0.000010 0.003869 0.996121
0.008716 0.005501 0.985783
0.005069 0.000010 0.994921
0.000016 0.000010 0.999974
0.000010 0.000010 0.999980
0.000010 0.000010 0.999980
0.000010 0.003046 0.996944
0.000010 0.000010 0.999980
0.000010 0.000010 0.999980
0.000010 0.000010 0.999980
0.000010 0.000010 0.999980
0.000010 0.000010 0.999980
0.000010 0.000010 0.999980
0.002588 0.001011 0.996401
0.000010 0.000010 0.999980
0.013070 0.000010 0.986920
0.003699 0.005547 0.990754
0.003092 0.000010 0.996898
0.003102 0.000646 0.996252
0.000010 0.000010 0.999980
0.000010 0.000010 0.999980
0.000010 0.000010 0.999980
0.000010 0.000010 0.999980
0.001351 0.000010 0.998639
0.016256 0.000010 0.983734
0.000010 0.000010 0.999980
0.000010 0.000010 0.999980
0.000010 0.000010 0.999980
0.000010 0.003976 0.996014
0.000010 0.002845 0.997145
0.001922 0.001547 0.996530
0.000010 0.000010 0.999980
0.015111 0.000010 0.984879
0.000010 0.000010 0.999980
0.000010 0.000010 0.999980
0.000010 0.000010 0.999980
0.007931 0.000010 0.992059
0.000019 0.000010 0.999971
0.009700 0.000010 0.990290
0.000018 0.000010 0.999972
0.009192 0.000010 0.990798
0.000010 0.000010 0.999980
0.000010 0.002650 0.997340
0.000010 0.000010 0.999980
0.000010 0.013770 0.986220
0.000011 0.000010 0.999979
0.004599 0.000560 0.994841
0.000010 0.000010 0.999980
0.000010 0.000010 0.999980
0.000010 0.000010 0.999980
0.000010 0.000010 0.999980
0.741146 0.258844 0.000010
0.775604 0.224386 0.000010
0.688496 0.310657 0.000847
0.000308 0.000010 0.999682
0.003592 0.000010 0.996398
0.011115 0.000010 0.988875
0.000010 0.000010 0.999980
0.000010 0.000010 0.999980
0.000010 0.000010 0.999980
0.000010 0.000010 0.999980
0.000010 0.002751 0.997239
0.003924 0.021848 0.974228
0.034599 0.015554 0.949847
0.000010 0.000010 0.999980
0.000010 0.016967 0.983023
0.001024 0.003189 0.995787
0.000010 0.001140 0.998850
0.004556 0.000010 0.995434
0.008825 0.007392 0.983783
0.004038 0.000010 0.995952
0.000650 0.000010 0.999340
0.004401 0.001585 0.994014
0.000570 0.000904 0.998526
0.000010 0.000010 0.999980
0.000010 0.003254 0.996736
0.000010 0.003822 0.996168
0.012189 0.000010 0.987801
0.004451 0.000010 0.995539
0.581795 0.415283 0.002922
0.600591 0.397136 0.002273
0.592515 0.407475 0.000010
0.587092 0.412898 0.000010
0.574158 0.425832 0.000010
0.609349 0.390641 0.000010
0.625744 0.371271 0.002985
0.580715 0.415015 0.004270
0.578544 0.421350 0.000106
0.590403 0.405493 0.004104
0.588418 0.411572 0.000010
0.594593 0.405397 0.000010
0.593195 0.389495 0.017310
0.820532 0.179458 0.000010
0.791478 0.208512 0.000010
0.811211 0.188779 0.000010
0.746916 0.252927 0.000156
0.743929 0.256061 0.000010
0.784838 0.215152 0.000010
0.753867 0.246123 0.000010
0.672804 0.327186 0.000010
0.622641 0.368570 0.008789
0.663775 0.328826 0.007399
0.657008 0.336539 0.006453
0.644798 0.354333 0.000868
0.631806 0.353753 0.014441
0.723388 0.276602 0.000010
0.677138 0.322852 0.000010
0.728477 0.271513 0.000010
0.665169 0.334821 0.000010
0.634597 0.365393 0.000010
0.631201 0.368789 0.000010
0.710447 0.289543 0.000010
0.684767 0.315223 0.000010
0.663836 0.336154 0.000010
0.677653 0.322337 0.000010
0.625249 0.366639 0.008112
0.666163 0.330469 0.003368
0.607374 0.391741 0.000884
0.626337 0.362603 0.011060
0.642336 0.350160 0.007504
0.662303 0.328539 0.009159
0.647314 0.347307 0.005379
0.657987 0.341302 0.000712
0.636885 0.358195 0.004920
0.644342 0.341722 0.013936
0.617574 0.370926 0.011500
0.633687 0.356506 0.009807
0.640489 0.357677 0.001834
0.653269 0.338980 0.007750
0.639211 0.349784 0.011006
0.652331 0.347659 0.000010
0.676392 0.323598 0.000010
0.697044 0.300848 0.002108
0.636878 0.355604 0.007518
0.677054 0.317713 0.005234
0.700700 0.299290 0.000010
0.678369 0.321621 0.000010
0.672974 0.323434 0.003592
0.750392 0.244559 0.005049
0.746867 0.248965 0.004167
0.736058 0.263932 0.000010
0.662749 0.329374 0.007877
0.625515 0.359104 0.015380
0.643155 0.356835 0.000010
0.643749 0.348527 0.007724
0.673704 0.326286 0.000010
0.681801 0.315838 0.002361
0.600358 0.379177 0.020465
0.673107 0.326883 0.000010
0.675221 0.318254 0.006525
0.656247 0.333308 0.010445
0.666418 0.320787 0.012795
0.655984 0.336182 0.007833
0.639883 0.360107 0.000010
0.653502 0.345007 0.001492
0.584351 0.415639 0.000010
0.633449 0.362332 0.004219
0.680023 0.313987 0.005990
0.754603 0.245387 0.000010
0.646315 0.347778 0.005907
0.664815 0.325651 0.009534
0.648920 0.342617 0.008463
0.663817 0.330514 0.005668
0.660967 0.338145 0.000888
0.662974 0.337016 0.000010
0.612892 0.376017 0.011091
0.665230 0.334760 0.000010
0.643251 0.341431 0.015319
0.785295 0.211377 0.003328
0.806951 0.193039 0.000010
0.609042 0.384160 0.006798
0.648230 0.349259 0.002510
0.653065 0.346925 0.000010
0.636189 0.362934 0.000877
0.685285 0.301471 0.013244
0.707485 0.285667 0.006849
0.670050 0.326758 0.003192
0.648171 0.351819 0.000010
0.675434 0.322370 0.002196
0.697139 0.287229 0.015632
0.650986 0.349004 0.000010
0.673473 0.319908 0.006618
0.657138 0.341763 0.001099
0.651163 0.347248 0.001589
0.673392 0.326598 0.000010
0.633152 0.365699 0.001149
0.688732 0.311258 0.000010
0.711487 0.288503 0.000010
0.678192 0.321798 0.000010
0.686815 0.309978 0.003207
0.615531 0.384459 0.000010
0.539022 0.460968 0.000010
0.531009 0.464562 0.004429
0.597405 0.402585 0.000010
0.593039 0.404307 0.002654
0.593501 0.402084 0.004415
0.587061 0.412929 0.000010
0.610718 0.389272 0.000010
0.614280 0.385710 0.000010
0.598807 0.401183 0.000010
0.583891 0.416099 0.000010
0.593969 0.406021 0.000010
0.587232 0.404118 0.008650
0.630816 0.369174 0.000010
0.596050 0.401688 0.002261
0.602074 0.392323 0.005603
0.595905 0.403235 0.000861
0.561082 0.438908 0.000010
0.567155 0.432835 0.000010
0.602207 0.391786 0.006007
0.678192 0.316773 0.005036
0.643574 0.356416 0.000010
0.617511 0.374158 0.008331
0.659653 0.340337 0.000010
